49,35
10,118
10,34
10,166
10,8
10,212
11,6
11,10
8,5
8,16
8,4
48,3
48,2
48,1
48,0
44,3
44,2
44,1
44,0
27,3
27,1
26,3
26,1
25,3
25,1
20,3
20,2
20,1
19,3
19,2
19,1
12,3
12,2
12,1
11,26
11,24
11,23
11,22
11,21
11,20
11,19
11,17
11,14
11,11
11,9
11,8
11,5
11,4
11,3
11,2
11,1
10,298
10,296
10,276
10,265
10,231
10,228
10,206
10,198
10,194
10,189
10,176
10,153
18,1
10,147
18,3
10,101
10,81
10,9
10,3
14,1
10,2
14,3
10,1
9,7
9,6
9,5
13,1
9,4
9,3
13,3
9,2
9,1
8,18
8,17
8,15
8,14
8,13
8,12
8,11
8,10
8,9
8,8
8,7
8,6
